V1	V2	V3	V4	V5
1.59502886698082	0.350516650217166	0.528751999566534	-0.108146213340363	-1.69728869001892
0.83158795473814	0.654317194261438	-0.737678539939778	-0.366148887897158	1.00099568335931
0.78973958270419	-1.46135451775808	-0.207951670141153	0.609212485096744	0.0859227833677998
0.0163758102578917	-0.527378678103595	0.63503193185429	0.276555890117407	0.72568444744054
1.34444801690737	-0.693520211421887	-1.35651898188356	0.808542406256269	1.10518783838327
0.530789779555278	-0.61819514693966	-1.99991693313074	-0.533945621630727	0.820917912708051
-0.357956481966856	-0.511855813377648	1.06993451710842	1.21936535681738	0.975491575337119
0.588381547546416	0.140457717378881	-0.55956918794354	1.39475654353996	-0.147055668599766
0.50392148674996	-0.881331421290285	-0.832757045242147	-0.658207903115438	-0.318516711326138
0.897174247513612	0.752701696382583	-1.53391594022291	-0.812117614306096	0.313703276428345
1.18874704705353	-1.61122679141923	0.0662976715095655	2.09234169432285	0.0626445224241823
1.67579577834543	-0.651219388841351	-1.67904729107302	0.417109274388944	-0.515433794522485
1.62509776768421	-0.0948402339762355	1.49258573854997	0.899537877342792	-0.937319073039321
1.56399566274722	-1.27592670691577	-1.35513844790027	-0.531006648129668	-0.924634210629803
1.62583758112992	-0.219311107838404	-1.6890400778131	-0.441870449570432	-0.627924194079881
1.08399502337619	-1.0877403258599	-0.390727643535596	1.84970904564884	-0.421788476852405
1.01457417721607	-0.452576497477659	-0.237729825099924	-0.645215389602197	0.550970263348139
0.296380214885044	-1.64574436656236	-0.821986432688266	1.53516961022953	1.391603219231
2.16533851663725	-1.24646787034188	0.805472254029481	1.05173549966197	-0.323259655671597
1.89369798540104	-2.02382153585829	-0.993327105273558	0.368022427056484	-1.05966771213933
1.39048818585562	-0.139102071385632	-1.24132063596477	-0.71101134610284	-0.740149752689154
0.580992341645149	-0.169972508486242	0.139626765805934	1.5442139588405	0.716072416477746
0.658718811435722	-0.695878963258454	1.65552314296091	-0.629093026952373	-0.956218311270956
1.29186870473699	-1.390402234144	-0.219110917520293	-0.221991307240928	-0.330230772782714
0.0531935560894509	0.799385501399819	1.96055477502607	0.000518411559749521	-1.19917458991426
-0.630957243186177	0.973603590250225	1.27409667479166	0.0393960629294785	-0.930654066846735
0.153385452601742	-0.296765729746224	0.139979184824788	1.35396412339328	0.995444023472753
-0.664064456764708	0.837336164288803	1.34559318242549	0.558783136379571	0.498736631577395
0.32669775076407	-0.460125806100384	1.46703956194547	0.43841701937841	-0.122885291278241
-0.137156396451458	2.31522587710754	-0.354460170259532	0.0691647074889272	-0.185239731767759
0.975691481200873	1.5981830463849	-0.660165843159461	-0.55308316063396	-1.68236258118537
0.307678459011092	0.660337569897193	-0.15019758699857	0.36063036591051	0.388003388868915
0.620847850440641	1.68992212760732	-0.959879336026807	0.0326909883809288	0.135355416789918
0.0717519909454855	0.227763269186796	-0.0537403142850092	1.07350901688282	1.20160531825151
1.23659697058123	0.873020176890206	-0.838904735161062	1.50671104676258	0.168457686201507
0.207883711275487	0.631709809105325	-0.365102935311688	-0.175415233303951	-1.47211228858027
0.541252220057472	0.545882743935105	0.641686315643968	1.61506004560017	-0.38896490811465
0.509670426920155	0.523059478922281	0.0627012438577234	-1.40173711912625	-1.29958500756793
1.18502811255142	0.936817100347918	-0.217402861553217	1.00888120739146	0.175092340714998
0.283534391268009	1.7023870967912	1.70337846457929	1.9605324448649	-0.505581684747305
0.0579890246481507	1.58121387787191	-0.258283645125113	0.244506105958118	-0.863868943671551
0.57501521634893	1.41413821404739	0.622635051823945	-0.236533231737328	-0.239879345204363
-0.0704348173125417	0.733044404404381	-0.058327005085824	0.988696841891799	-0.215648619441968
0.653907071027874	1.03876852874373	2.03345444710765	1.84690293129802	-0.516859175352802
-0.466661436164429	1.65558265313694	-0.566422363649392	0.334670826416014	0.26906751782305
-0.0840701812135706	1.31761631118585	0.238271777521149	0.189799248406715	-0.96657334997291
-0.942861985213439	2.42637667599093	-0.00244602633836627	0.291106067866126	1.34355453182903
0.302858118015182	0.772101402219506	-0.0427981885823723	0.644027131111973	-1.48446477709908
-0.299832559284368	1.6757608374814	0.41026325280728	0.46496936712019	-0.482331406268833
0.279586333624906	1.69164573843483	-1.18007447672583	0.461804572072625	0.450030432051416
-0.0429557265338064	2.47870432209941	-0.609137847117679	0.583237313110163	0.200234440877927
-0.0575944240682206	-0.38093402823207	1.14380808439562	0.665228597992196	0.48265653760776
-0.0307598452768904	-0.429721515246835	1.18432391185869	-0.62302715784598	0.457404773197468
0.322892433236869	0.460427481822321	-0.581534356955731	-1.41166125166016	2.10149780352983
1.28105638221201	0.391850307691425	0.258040845398721	-2.27849809240786	-0.685670309889752
0.411555379361399	-0.495124431944736	0.555030778797361	-0.131367155270385	1.90392072417124
0.787200427972372	-0.364034764481715	-1.67106134572401	-0.261958609247573	1.64635718325197
0.0113185716314622	-0.310546277581381	0.994633093710131	-0.809869922041239	0.998261984193359
-0.29410324960429	0.966150716343647	0.401330482212871	0.354816908438116	1.03018932279621
0.73569005443049	0.739698860390888	-0.14737941863906	-1.91950023202359	-1.1020110529466
0.0640939799341145	-1.21664041899108	1.1235873937962	-1.4760958516172	-0.348177504034815
-0.841303205033442	0.5494921173942	0.453362459884604	-0.891178702532095	1.56268098703244
0.658015451605992	-0.308867759923749	0.366138342088706	-0.45736226503945	0.889136766681761
-0.743002156171679	0.904905687675452	0.168379128040493	-1.21623387582646	-0.32794414967514
-0.194346774993919	0.857875951327317	-0.455589217901518	-0.360387735169318	1.9185860597658
0.459327170977133	-0.907601693032711	0.46712937085356	-1.62620983811686	1.00855336726254
0.515123273185205	0.126619994255376	-0.733616947810098	-2.15998991907063	0.168019127231972
-1.00919921771456	-0.316858898651174	0.223876434782401	-2.73714936630528	0.732658015839143
0.150468746909266	-0.472857599792542	2.41059314525551	-1.5403503603006	-1.06439797736596
-0.208114272419689	-1.60460179656511	0.616683670870141	0.164133178552654	2.40268715922299
-0.736865809470821	0.316385317344083	1.25270033548678	-0.769537946629384	0.643935430222779
0.0668164946042942	-0.721114482798837	1.36837980865861	-0.64067549318642	2.1668357140836
-0.34960564963418	0.505460909037589	0.31046982291875	-2.15876892733386	0.161208406989034
-0.0955681555006688	0.137923801131944	-0.188388140365324	-0.530991747529977	1.59219940959336
-0.89676650586623	0.341187539233355	1.89192052277571	-0.728857131685408	0.0605142315996536
1.0717361906813	-0.690672249409936	1.45845914176519	-2.01328694098926	-0.231613186699859
0.0523491507414459	-0.234273849116437	1.69258022139208	0.650383012848812	0.848971151102493
-0.368659939172954	-0.130202950751787	-0.538882663445724	-0.578661678353815	2.35860535216483
-0.590346153819823	-0.189882721453533	1.18458046914709	-0.449067136298457	0.726295756055723
-1.20594685666913	0.133109511528099	-1.2733411385954	0.375382183510274	-0.192705145757752
-1.98054706639915	-1.48024004972156	-0.882364412770549	0.700390175077209	0.261735366641542
-1.61466261591131	0.802456934632781	-2.01361122422222	-0.11049044172701	-0.431405571099086
-1.85369281929639	-0.0832445731272528	-0.745793508759866	-0.345464737946152	-0.363744401002621
-1.80876237988068	-0.795152071211472	0.62898813022944	0.755913458767307	-0.317328908080534
-0.960411920776593	0.338965389387215	-0.867916679246163	0.571529894879362	-1.83779100048807
-1.70637371459267	-1.29245044125617	-0.022940136729073	-0.804675014903824	-1.18319672703764
-0.724711124564013	-1.12210466275885	-0.641122342079988	-0.0925045563536541	-1.34767721749439
-1.66616096838089	0.797302776119308	-2.09983310156003	-0.561210913409868	-0.0650832104747798
-1.0128721698309	-0.581269246333573	-0.285703879200801	-0.335215077240684	-1.19681865474626
-0.727342601818085	-0.92282424936165	0.83126071766617	-0.532825992842872	-0.902848041206324
-0.797349259992661	-1.02038470915033	-0.0893410342270701	-0.473156962983686	-2.02570734573401
-1.73899330703435	-0.425686749873575	-0.912272718059262	0.434005764040998	-0.265459739187369
-0.788026358983216	-0.878899343759809	-1.07005995436126	-0.79450284693498	-1.40944114634488
-1.88042042048094	-0.633530147711771	-0.469739902478536	0.94212837148088	-0.00377243694989104
-2.0857628615341	-0.986535418060658	0.356230897494679	1.31099388242768	-1.03704767800041
-1.33761941072727	-1.33014800679356	-0.956107977414412	0.0335889032818411	-0.831791549672227
-1.52129957437021	-0.251830367720308	-0.371802370654602	0.489059046623742	-0.596731587841179
-1.82659260994918	-0.435920217016545	0.244926175962098	1.00109702904388	-0.151109692523014
-1.08705225902674	-1.73837775131057	0.441321463076586	0.648295206634651	-1.01624454540009
-1.64539999290139	-0.460101701041439	-1.13013032030454	0.615060368419844	0.793705273087691
